279.168536
294.182404
299.832604
329.425026
272.828559
263.807492
276.160586
283.940425
299.600078
289.214959
365.915528
297.654170
307.548060
287.524507
308.148115
295.319921
263.008269
285.877795
343.504734
305.341733
323.812319
310.782503
271.648804
321.907463
313.279621
270.614940
281.311612
285.879823
275.210970
299.126794
318.754590
313.430820
259.645442
289.385601
261.230111
335.853778
288.650229
309.930082
304.864314
318.803426
313.447612
279.423891
297.618621
302.285140
262.788606
330.032978
285.092767
312.752929
318.501134
301.644149
303.839437
327.465362
324.234170
281.761620
280.058409
351.433593
286.616458
277.708906
289.256388
296.708286
305.014207
290.822954
301.274580
297.107998
314.658988
336.998523
278.824681
300.702104
315.070653
306.965018
307.202473
316.103019
308.293822
278.274683
269.448572
294.484537
329.609833
289.592697
299.997278
288.936211
269.727521
321.883921
314.957324
297.112286
287.461929
318.892492
271.959453
292.487777
310.354927
283.802533
296.721066
318.821263
321.524342
308.988641
294.352216
302.285326
281.293560
338.231218
294.819776
290.048144
312.975444
296.021541
313.606511
288.192769
324.679894
311.159980
302.685194
291.679440
256.928882
272.701575
308.944457
282.143047
254.625909
311.442969
289.157540
320.571979
315.923598
295.193192
286.924384
281.931872
319.108409
301.571862
323.732657
308.996948
324.971478
309.981013
313.062235
318.850045
242.019495
290.225126
291.691056
275.090759
297.196487
286.250780
324.284654
289.172418
264.643094
332.506751
292.593927
272.036184
269.358952
295.976205
309.224764
272.025185
296.674308
305.545561
337.215209
288.428415
287.458556
297.070407
342.460716
288.884737
285.188337
301.918756
304.283185
318.431920
301.741128
321.392324
298.078120
312.026618
312.600430
297.251517
330.151101
319.808550
287.077481
320.147993
315.699487
278.162298
322.935625
270.310796
296.884566
288.266377
297.903273
288.526850
287.401175
317.023947
300.764525
313.227577
314.429706
323.783003
287.604811
286.022729
305.928306
305.644737
330.097178
308.037532
302.762224
302.038261
278.845053
296.633796
312.597519
308.900110
293.001695
334.360740
261.963447
284.305471
300.522994
322.859021
311.790238
285.973381
310.167068
303.092606
253.620297
285.628103
299.303318
300.192339
267.164413
304.216008
288.356836
264.802380
297.475436
288.386033
291.211338
310.964377
305.157052
301.076828
298.648528
259.349294
328.320014
291.950017
313.265989
314.273321
310.141280
310.301511
295.464710
330.027988
260.958972
292.984982
312.396416
303.912499
329.498700
294.674270
325.585043
277.866891
275.367900
310.609609
283.961915
281.284451
285.204479
301.794636
279.306812
303.867035
302.965684
303.670741
302.145768
289.330436
300.365384
292.353922
270.021522
342.523962
296.950401
300.824017
313.060408
309.765238
310.218314
329.069333
309.059274
314.661266
283.610094
313.866036
296.137109
314.118373
301.650006
273.855374
312.387725
322.708116
307.458355
271.409826
272.382396
319.292067
313.913659
284.767875
302.196863
293.231394
277.323511
325.669874
290.116713
296.797376
277.746286
279.635296
300.593502
276.589737
284.214849
348.565283
319.503007
247.256977
279.471927
325.813456
283.274777
286.307753
314.035070
311.576657
305.034271
297.544256
311.311610
303.975412
304.140131
304.733801
288.772121
287.521636
297.915088
299.081308
275.712377
303.191234
274.243076
271.138559
281.408904
316.210180
296.176219
277.500769
298.696519
309.169407
293.677385
331.756156
307.371187
285.395215
297.461315
307.643533
314.224341
290.292193
288.133820
274.130632
285.930904
300.584230
295.550663
283.435926
314.695610
354.864877
285.148679
283.778277
296.255500
291.768334
275.311717
311.110844
327.444310
280.969919
278.134905
314.690577
285.180784
302.572599
314.904171
341.771358
325.893572
271.229029
313.850655
296.023321
287.983920
330.489696
296.107170
275.728896
295.830487
285.738681
242.926632
274.058393
303.503862
320.526341
315.395645
299.814651
264.774043
308.196780
290.233519
309.452779
315.139990
293.690039
333.801373
302.012919
323.451135
314.726872
268.647999
297.164897
293.826270
328.761071
258.982379
323.765339
294.962995
309.468505
317.904680
339.197813
329.788005
332.235068
337.854258
297.344030
309.870872
291.658661
313.729540
287.382836
285.797844
335.482405
324.360217
334.600366
289.052539
325.898288
300.689511
302.101814
325.225235
299.577888
298.228686
289.742600
307.283782
341.094480
293.762068
316.199705
305.216748
297.208679
287.543670
290.002657
253.008424
290.937099
282.914498
330.668085
285.324605
306.723858
291.760365
304.966920
277.148092
284.427481
292.812991
282.600255
274.199136
295.537209
314.345543
291.041208
280.259287
272.542449
279.358304
299.784384
298.852379
300.577244
298.002929
293.074909
312.687779
296.298777
301.719542
292.286424
297.319806
293.720623
272.092470
283.756103
275.781532
297.044050
302.012867
302.132269
270.883114
327.799222
314.925228
302.350155
326.791091
287.954114
281.183024
304.995889
310.181164
302.063363
313.653412
309.443642
306.421416
301.547627
283.005320
268.399119
303.858139
295.298551
321.526761
285.596639
300.298391
283.689553
260.401643
315.306955
274.535608
311.603300
280.201746
255.527081
291.173212
341.159026
295.305305
328.550154
315.430620
314.895474
332.053555
291.112032
289.752690
315.546923
292.848467
291.164459
308.211764
301.551830
324.617372
295.032268
304.839208
315.444532
300.872155
265.263705
321.148940
295.315699
295.561074
271.046365
269.901548
284.541936
303.592658
304.312856
287.553233
307.592289
283.234163
304.727932
297.770508
279.369661
322.615329
302.457442
302.494451
308.431824
339.947184
286.126320
269.942054
286.314908
276.727177
281.179341
333.212435
288.651341
294.041716
340.317696
290.299628
300.702747
312.277842
299.601962
303.354456
269.302785
286.097298
299.753220
295.006704
310.287712
309.761597
304.906791
290.516915
276.972176
286.963644
253.047090
300.780407
290.575424
332.282991
314.604506
271.137992
284.715776
309.456706
298.399637
268.272969
283.873601
264.822561
339.755142
300.215695
336.197406
324.913224
278.332189
322.960087
295.597648
299.222431
270.269778
309.366443
326.576060
277.682699
280.519218
300.147358
307.431240
316.306180
315.571221
298.878378
294.777218
319.499945
277.435909
301.593531
302.717393
290.872515
345.139696
298.724121
322.327501
298.523140
314.374947
288.583565
311.264077
311.714652
322.810463
291.133022
321.153339
250.501608
331.399363
279.645808
267.488170
315.524218
302.425153
300.210422
280.065353
278.382046
282.181901
293.121993
304.864024
313.826309
326.880714
299.808417
325.640327
319.972348
274.399932
289.285371
278.164200
299.902587
271.395345
319.600986
309.181521
299.991168
268.708866
278.193650
330.104002
300.032377
298.936850
289.210366
291.525559
324.642322
327.704709
310.447936
325.480248
337.477868
316.173287
274.668131
289.378963
310.334362
299.403962
286.715757
302.796352
262.159313
295.858840
308.995242
301.127208
282.968451
283.694912
340.908952
321.160668
317.592851
301.890312
301.565270
296.237973
307.357693
309.731777
264.293018
320.754604
283.997358
289.142558
309.871576
284.758984
284.396775
335.861733
321.247700
317.590230
311.993343
307.304988
329.973312
266.603284
310.169347
267.979060
311.103180
318.380335
297.918761
335.231007
316.627515
289.429817
297.389603
274.459110
270.326200
305.388707
288.524160
320.860084
312.728992
264.739669
322.297616
270.182636
303.618696
322.267442
281.334956
296.125389
297.035377
271.767227
298.657340
278.419812
313.266437
288.008758
294.169611
297.133194
297.661572
294.377041
268.257303
284.164188
294.559271
299.417616
332.809696
282.241604
307.466227
333.130376
330.351784
301.530170
320.455409
335.252776
353.372131
285.639794
309.501455
289.463613
311.054016
260.392965
256.681841
290.014003
278.944708
281.756489
289.685694
316.642832
276.233655
336.396908
306.815236
273.974488
324.194563
301.852529
285.945122
287.103779
285.604545
306.748589
305.910964
295.024029
289.851642
312.859047
325.367890
293.570060
279.980996
306.185656
290.632967
309.485651
304.691408
291.887037
269.246879
281.342323
320.658899
283.599398
296.724515
311.860363
283.141234
266.013799
301.000291
281.988698
262.078816
286.639988
313.373413
292.093364
302.724962
298.629494
328.095341
308.245647
310.125731
284.887175
295.739762
313.169453
294.526249
295.688655
298.961266
286.685087
279.246170
308.456643
302.704311
269.760303
301.745732
303.451185
272.984934
317.627180
309.697114
300.106405
311.558718
269.072171
280.106246
285.520930
322.807007
269.488657
317.587665
291.226665
323.354943
303.746599
295.897898
311.639863
273.095384
317.349006
297.378810
314.527431
303.710870
304.292212
306.909436
274.811546
300.837143
278.415298
305.535514
319.621823
310.441099
296.680480
283.209153
273.025504
302.611275
332.602477
303.389234
299.597617
312.438583
295.094793
310.781932
295.772037
317.718165
293.757138
287.254808
337.518064
284.731434
298.268154
305.808845
296.032718
300.113522
297.458688
252.672542
288.810921
296.016848
284.258172
310.100926
268.082883
291.333384
286.905715
314.552567
312.627340
305.667978
302.418263
280.533263
304.871578
309.747540
316.950180
294.266982
324.351278
324.571274
317.736203
283.897302
307.529980
274.514642
309.793232
302.578580
293.264721
285.976873
289.089191
264.516645
272.739913
275.055531
287.447666
306.144495
262.009196
298.028776
268.841805
299.724791
302.183756
310.599109
296.670462
304.744738
316.627446
307.541763
310.828837
281.128956
303.289157
298.505905
273.944355
328.973219
278.631457
296.868057
332.296468
307.088738
293.378713
318.122499
329.227901
293.668422
328.030228
317.170066
326.945576
321.768147
305.721760
274.771306
316.940072
310.933981
283.474807
308.901109
296.599591
309.396628
301.878074
326.315212
268.487484
314.765129
308.430135
294.533970
276.988255
312.251769
270.267045
317.820630
310.287672
270.393942
301.319045
311.979460
296.679146
277.163111
318.461199
325.766181
293.360054
308.793300
309.474067
340.906457
316.492987
294.663155
299.420788
303.317579
332.791231
325.317450
320.392203
305.793209
320.076600
260.932089
281.022858
304.732112
299.808025
321.755905
297.437782
341.619850
270.430188
307.587399
307.820659
299.636225
307.679606
330.969248
290.748892
270.872697
313.397308
285.621208
310.245583
304.972006
320.218677
304.123299
322.736687
314.473004
280.972058
324.686239
283.777234
316.682691
306.085834
292.957868
292.710743
278.375266
287.314185
292.929201
308.073849
343.932585
273.596840
336.480352
329.222237
304.212523
266.664504
305.687022
279.756340
301.685740
268.759876
270.254390
271.533810
276.001999
294.615653
319.094515
337.422137
289.773103
325.481074
311.320538
267.220551
299.866107
290.557899
263.836522
286.731693
288.120308
301.575139
294.519027
275.366471
297.633511
294.388058
297.978690
309.075014
270.925318
279.632102
326.575067
311.913369
304.034866
301.370129
295.847741
317.675792
284.890220
285.188237
303.493831
303.758220
304.622203
288.065905
282.006430
313.126890
317.875799
313.052551
318.795037
281.144369
291.257734
296.015312
339.547774
305.398683
314.159771
311.652512
276.078499
276.943146
279.652893
300.388322
280.839383
305.147679
307.993764
292.676759
312.321962
294.457539
310.791529
265.281191
309.815363
321.259630
276.411000
299.489352
295.272807
286.671434
306.447739
279.793094
299.322687
252.727150
315.437890
329.085436
272.274952
353.720536
289.444861
309.679625
299.549823
314.874578
279.921304
323.737530
321.051131
276.154102
312.015580
307.241439
289.429013
248.729980
308.454201
318.281443
325.358935
300.442461
310.554689
278.061513
289.425594
279.784204
326.986069
271.642445
344.768124
331.749719
312.244109
296.716337
284.038253
264.966796
297.921785
249.872283
344.209502
271.820648
293.751909
313.424640
289.323391
315.273980
331.802688
320.906292
319.688320
301.045699
325.071457
319.355529
302.337137
289.762545
305.445162
287.722273
282.564995
331.123036
290.364361
276.932865
289.588879
288.360051
270.605103
267.512560
325.671550
292.691820
330.333367
295.835952
300.284047
269.708483
295.946134
326.174142
267.449852
301.476432
327.500849
304.258919
318.638472
255.826902
307.721642
289.668440
319.401329
295.133419
290.337240
285.657558
269.340453
265.125597
293.663611
343.798054
306.747458
291.894952
291.937749
298.157787
307.104527
259.880871
294.498447
328.035689
297.438834
271.949638
302.236846
332.199845
272.986159
303.630667
306.002172
309.576137
325.575301
273.383223
272.006012
300.877646
292.449511
300.801658
309.305056
291.672063
333.891131
309.454895
328.471643
303.054219
260.879066
296.601406
298.010115
333.546725
301.598522
259.640923
307.806612
286.805882
283.929882
300.615794
302.676279
303.224341
302.021669
268.451173
294.882161
279.826845
317.166420
309.652253
295.250348
306.580173
301.056342
279.418941
295.369039
294.890256
298.748613
290.950241
303.851981
320.374796
307.235607
289.335070
317.929548
286.605451
278.694548
262.839687
288.731745
307.356977
304.092291
265.898001
316.315889
328.100521
303.279178
275.636094
279.842165
286.385972
326.631549
338.759806
289.123334
320.045678
273.424338
311.018145
293.294160
271.716473
274.428199
305.066369
309.492213
304.761165
279.592067
311.451050
271.267702
288.525443
313.673882
280.793774
328.715389
299.506704
296.566420
278.173280
329.627245
289.052562
279.403469
287.757821
310.087604
324.620167
248.862921
294.591783
315.548161
300.113481
311.144466
291.940386
257.300337
273.236850
283.845412
284.546513
293.173650
247.283571
293.286493
262.817018
338.126037
312.256693
297.199710
331.691165
290.984477
310.665210
291.074499
279.059074
303.880865
253.674824
327.236435
311.508422
293.700034
298.977496
304.377035
328.697887
299.690327
262.792532
316.625768
291.479800
316.669260
302.522645
289.701180
329.276414
274.897113
288.067160
285.460344
318.947437
315.930238
314.107637
284.142241
287.142783
299.094706
300.704964
297.671718
319.642257
289.550474
261.329864
278.131564
320.602995
327.908329
314.184410
315.394468
274.198206
318.313946
304.640195
281.330552
320.741816
308.800160
303.440682
299.376530
323.363879
283.373761
316.697107
292.295782
325.721771
235.148977
295.770644
287.879719
331.051749
285.329501
319.106052
314.388790
312.553112
290.139089
313.254143
292.507103
274.929224
336.993285
295.182441
306.148061
315.329608
310.601864
295.229397
301.626782
273.779643
300.280901
299.210410
304.253528
310.768149
291.352214
339.121483
290.311276
281.557763
324.828980
253.313322
319.392864
335.875752
280.936729
278.348062
276.454475
295.783598
247.551274
317.304601
326.227655
314.445684
279.654335
312.487013
260.426160
317.783574
290.070094
304.531482
281.116749
269.103086
303.797476
305.524556
301.135984
333.510380
290.599674
332.277690
312.673289
283.088158
285.245844
267.455748
332.746635
315.670652
285.798281
297.781890
298.521561
283.651440
292.874756
308.561464
282.926433
314.492509
321.705372
348.097202
302.520485
294.317249
329.138822
281.279737
297.453746
268.481810
259.483214
293.879973
298.375039
318.276802
300.675113
331.033307
326.543844
337.326031
275.315952
336.038558
278.157348
278.288859
335.052218
295.247057
263.084659
332.106738
271.059565
331.346653
331.508921
292.395292
304.651034
296.068994
272.429994
319.181412
269.839557
313.067813
307.803527
292.406751
302.235023
316.259672
290.112084
297.310438
299.098913
267.776390
302.581474
296.917745
281.430398
268.944587
289.571470
309.197567
302.390130
277.343083
311.454932
297.246207
322.462491
282.477438
292.225006
315.576413
332.176221
296.511060
285.726538
318.028388
273.888516
287.026093
342.847061
274.252147
318.518559
266.615540
313.590762
302.277908
282.977106
289.807875
288.611415
293.993915
291.225628
286.815829
332.341502
285.797611
356.665471
321.626953
304.598835
305.218267
293.648830
298.251846
298.695131
320.865744
295.402087
307.249350
309.697268
299.769809
294.764929
313.304824
293.478979
287.779279
313.792600
272.170603
291.947090
287.129199
296.126558
312.553828
314.748675
304.727511
273.451674
291.446733
296.333876
312.318910
298.957788
288.136151
315.271981
285.988318
278.127942
318.633422
295.840028
332.346930
305.968150
316.595949
287.069226
294.062787
312.943236
296.411049
267.547021
313.368771
302.007028
299.735382
293.586608
269.905109
288.112001
349.465121
285.027124
338.249998
316.291208
272.997165
313.084044
291.997844
276.821479
314.580364
312.276589
314.929420
310.638908
293.230324
282.098071
338.669691
272.456172
268.599729
301.461885
324.211473
308.828832
300.803196
279.314349
307.676437
309.242320
313.419037
325.400925
279.409689
288.126390
301.183866
317.420065
274.413372
315.522475
262.643939
290.089912
289.534927
322.525471
274.971932
310.648747
323.002342
287.210855
323.354419
336.086434
297.147713
295.345516
259.373339
292.446470
286.970028
324.293234
288.156566
273.449303
327.177548
292.312242
301.119198
332.694954
272.756620
288.119831
280.056998
321.252739
262.418518
298.491312
307.626673
307.576231
289.731782
285.536268
299.071254
277.132576
291.439432
304.008130
231.829388
316.793824
309.042407
291.629797
251.560975
292.115088
258.012538
276.633441
293.498275
329.485041
302.465112
293.392027
299.092669
289.307220
274.255916
299.799885
292.649348
305.720395
292.030835
273.997063
260.320048
274.223382
299.550832
273.120748
295.234132
332.093902
320.065126
328.197351
330.508777
274.092543
280.680265
320.438167
254.884097
310.024446
315.806951
288.564838
289.412031
273.051768
307.099431
282.320235
317.894263
283.101059
297.364651
328.730479
298.487751
299.218238
309.626769
268.481605
319.391653
332.480283
317.709443
310.201431
309.054388
344.672935
328.434922
281.863904
315.812203
319.670332
297.678505
342.463059
300.451055
317.263494
308.989235
338.636263
314.573263
308.231489
287.732429
333.022873
275.314981
294.078355
316.709247
311.633351
299.765798
336.759530
269.378486
319.705250
304.446574
287.824971
273.604586
340.337355
285.229992
280.316352
301.349105
293.578977
301.018053
318.709288
284.821326
258.476816
291.526952
306.985527
279.360369
270.791596
300.178921
292.601815
310.434769
303.074591
313.274707
304.652743
261.961335
295.207060
285.029950
323.859826
291.529572
275.547478
284.002407
289.793867
293.877050
251.402783
311.553786
301.518015
324.411869
300.189431
288.521900
267.475293
337.003043
322.533430
294.631251
287.687654
286.094905
296.638198
248.904184
316.986840
273.761552
331.493450
332.053160
275.538306
281.038692
294.017659
318.492980
304.892643
326.465864
304.880388
284.521938
308.183121
297.881108
306.727180
281.447650
273.822925
263.240680
305.752640
308.104376
295.665821
313.842530
279.774072
257.653456
281.072118
277.415624
307.281962
326.289825
273.780660
305.803414
267.232883
304.948423
301.621276
292.180764
307.713942
296.385158
301.733829
296.831831
287.612746
305.166333
296.651980
275.735458
287.738753
294.062139
278.654633
306.317722
279.129578
267.481142
313.655533
316.748561
293.804636
340.704470
305.024835
293.544199
305.276310
311.636900
300.187020
269.248541
265.407807
281.227870
318.278953
306.958362
314.244570
309.345771
318.468308
309.413565
273.487374
286.320998
292.790793
290.586506
353.242786
245.496696
313.170910
299.089337
300.104747
297.527480
312.840044
297.278016
309.957452
295.640294
261.482762
291.033123
300.960674
315.737941
271.231908
281.248812
332.369749
296.506896
296.836739
293.891635
302.809361
296.791192
277.639776
322.833897
306.727325
293.660326
289.546485
295.846574
282.685367
282.932898
328.672365
315.503479
275.835011
335.431221
311.272178
307.156104
273.336695
320.907319
300.910426
266.526459
317.104540
326.244736
303.053243
276.969326
305.875979
287.258028
283.276496
305.104648
284.666172
283.039084
311.320149
301.273440
288.068899
318.197316
270.991581
283.226346
254.918476
289.322895
315.776119
275.320978
304.870770
287.071357
316.312822
299.997878
274.819280
315.186940
310.321931
284.550090
308.159072
307.117430
306.911680
304.897830
256.916404
294.896024
322.207695
310.400173
325.256089
339.647062
302.126711
296.197658
329.246822
305.217255
285.326371
297.319697
300.886033
280.407916
297.007395
278.769028
303.062490
319.137834
307.086742
282.520647
311.985357
311.212604
279.816894
310.227564
257.391878
319.795904
308.147641
267.477976
283.727017
274.990568
288.619671
335.651992
318.501975
324.102796
332.661545
303.916969
305.650611
298.859423
353.911225
307.314939
287.768613
275.999508
310.461815
299.992718
300.615276
330.135719
306.350333
335.207815
297.863129
274.872893
284.341499
306.183128
333.459532
327.748547
301.804876
282.208428
285.703358
318.863782
282.679707
296.077244
289.079256
294.190274
317.087969
272.191641
272.567576
338.864195
317.839844
325.740765
282.120235
280.707278
315.223726
302.861286
305.327439
324.738741
299.368944
327.761728
312.629699
309.505717
309.023027
285.182781
330.720716
318.627965
312.024924
284.122419
265.733981
291.932825
307.828248
291.435954
280.391300
320.408424
346.428028
329.980942
298.719969
321.450727
302.145229
327.086495
285.042133
309.714633
318.796100
306.748786
273.232491
326.702736
293.984279
286.695137
297.399772
288.761262
304.025722
325.826417
321.967633
315.869314
300.066322
299.512176
301.063211
340.041947
330.555077
265.953280
288.535509
294.661758
318.709569
309.589288
292.231758
290.578504
283.279856
296.678324
332.178685
328.479354
302.252871
315.961677
317.108193
282.158208
281.405476
276.449316
314.538144
292.333367
310.919426
334.565429
322.490650
290.105490
268.265100
316.563706
307.189928
301.601301
319.793104
304.295592
321.308619
316.484871
282.907245
274.212883
273.563593
324.739100
297.781748
307.095457
288.268523
314.646116
307.651233
304.577128
308.230251
286.169889
324.439992
294.091367
333.411723
312.651008
297.130605
314.309181
293.539200
290.508389
326.037800
290.196872
312.983999
322.790437
276.060624
288.750225
332.183667
299.509274
295.497446
292.053733
309.327657
274.771265
284.973085
353.600598
324.859149
295.122006
286.943626
293.359125
303.633960
302.920743
288.262253
290.332431
274.460973
296.471507
325.150330
284.814598
294.251865
282.338949
313.253381
301.866982
320.248588
272.484518
318.763651
290.089986
315.303047
293.222154
321.320308
296.406592
311.168371
286.280651
320.700456
304.539251
312.283689
274.565330
293.997262
301.782206
300.836339
341.803497
302.834960
299.075486
278.992528
291.862712
324.006580
300.139694
304.451274
306.377619
308.546748
342.868768
318.806630
306.047931
306.462552
305.803268
311.527436
316.918867
307.607816
283.230731
335.433309
316.908222
303.689984
264.232661
308.957699
305.818373
309.196632
265.745310
290.241058
311.539430
312.825202
330.794568
296.791335
285.430880
298.672092
271.243306
310.732775
284.418042
310.125838
283.720539
293.231823
312.486695
304.187755
298.709738
304.643002
274.025850
275.866067
290.951310
300.016898
287.556479
272.449897
315.772090
272.710089
281.902005
289.383623
316.339191
265.787505
269.293682
274.350599
290.764897
316.230863
259.375278
315.718117
285.196792
305.840033
263.575961
282.643235
299.090788
288.102953
328.527127
245.922127
307.158569
288.953962
310.391041
313.897618
272.005578
290.047857
291.214489
309.906149
278.939494
334.734003
299.305992
304.895749
300.936285
294.347534
290.745083
284.458830
285.595535
302.457340
321.014462
260.428921
296.426624
294.272432
273.112579
274.408974
297.367417
293.183293
291.341393
308.192068
304.523568
294.673660
285.998430
282.249966
295.832028
291.111486
290.637261
293.164625
280.019642
282.837776
281.171689
300.386993
322.050826
332.414765
310.442879
262.324426
274.459244
305.526517
285.606150
312.860141
303.780149
315.322378
302.994843
326.282647
278.200618
324.271692
292.188020
327.602525
272.981833
312.730571
280.758237
274.696291
287.114224
285.867880
291.423502
313.503724
295.280913
315.228189
320.679468
288.254510
318.357459
272.220112
274.629310
248.152651
294.158203
325.205354
312.511445
298.439842
290.622036
313.763139
286.829601
287.456113
332.912495
277.825166
323.091086
287.486277
267.130334
326.958746
326.766794
243.308935
330.201894
273.811415
283.298624
282.757854
307.187515
289.930538
277.042503
303.633945
303.829782
281.058238
302.586409
319.762388
328.585112
276.849414
311.131655
297.235823
292.431706
314.258347
300.510921
284.437200
280.970541
276.203919
281.810165
290.562525
335.071401
296.103973
296.029281
303.166991
268.922033
283.726951
291.754613
340.263568
268.572777
319.850131
299.096018
281.634646
284.089271
306.336777
257.775942
259.625776
276.672916
251.055386
252.222788
311.595580
313.704476
302.431411
285.261516
276.007313
266.516333
286.251451
303.919641
287.340440
318.985290
297.240597
289.730164
289.808863
304.966315
330.308103
309.548490
314.776673
256.005956
330.141713
306.952716
314.346725
263.839694
321.789804
272.058934
329.614840
287.036165
311.906798
276.614221
303.429733
281.622307
272.732595
324.029232
319.366916
290.633968
283.239851
290.615131
294.937536
293.252051
257.046667
283.772460
302.685064
279.880551
268.177869
278.245446
302.374608
290.807377
277.336239
331.923225
325.975603
305.112667
289.961571
304.916578
313.542794
291.012246
274.981346
301.749867
333.723462
289.075647
284.304278
281.900400
338.775105
298.487662
272.070408
292.611715
327.031121
319.768421
298.544741
317.585194
306.411817
280.395979
316.914177
270.372464
325.191195
311.172150
310.557369
281.218871
294.387099
308.032235
345.605157
290.458110
279.658965
323.240300
275.113355
262.137780
315.334746
296.433584
296.507185
312.880596
280.150370
244.434890
325.067638
304.327647
312.795521
322.100806
300.954843
294.345302
270.646260
288.778674
278.706010
262.500564
306.491545
335.800492
321.932665
259.998673
332.630431
279.963288
311.761413
283.363520
317.987560
300.396808
298.527766
296.506598
290.785835
286.966042
293.561335
309.079953
269.604919
288.374530
306.713799
299.026676
334.453969
287.137628
286.859886
333.575407
321.787980
313.918164
266.462699
292.651236
308.736720
316.851310
291.306035
304.353429
309.171737
312.616274
303.195972
298.175406
306.054752
318.324541
296.112724
304.835455
318.562436
278.664874
294.975477
299.197650
290.760278
295.804481
303.970003
308.636324
290.100194
271.313866
303.831396
302.208218
294.089662
329.709349
298.564442
297.906615
335.771765
287.482401
289.964780
318.952078
313.029457
315.245500
304.516079
348.006166
285.489577
317.197902
293.086892
279.939017
284.584556
343.914272
291.556674
316.553723
282.913918
310.193851
305.190011
306.984834
310.584685
281.112637
277.093855
307.600880
299.885219
305.356996
326.936504
290.982620
294.485944
319.978613
287.275298
307.444173
309.595485
273.989406
304.876673
333.236795
266.594774
284.747539
275.009788
293.140979
271.843262
297.146859
305.472500
295.223941
300.067594
275.541361
307.153819
294.273261
326.700171
306.491760
282.108291
318.567914
323.104503
304.156585
301.228268
296.950598
259.519241
296.091297
308.558661
290.905452
284.613317
274.350073
273.732061
276.961890
283.336105
305.490959
340.852574
326.323660
327.757460
323.199519
315.045538
323.220072
290.672550
294.136509
317.316435
290.987264
313.027761
315.425971
296.295079
314.836401
279.405361
285.079555
263.804731
303.582151
291.573698
311.058290
291.596931
293.505334
314.410817
325.892137
316.203879
286.732772
308.078926
291.506185
289.831155
288.073562
293.975267
325.178161
291.599029
291.599930
315.095511
317.222315
295.100525
295.793466
321.968637
309.694357
295.623488
292.061194
325.219280
293.993911
248.603543
311.721536
284.181242
274.717593
281.297153
273.861853
315.781622
292.980902
248.132079
337.869847
292.116960
289.747227
309.450162
312.565774
309.809539
269.499889
314.918196
281.883380
311.950366
322.454576
330.719154
315.852527
323.767954
301.511453
327.921411
276.113693
278.001607
310.545784
260.743725
307.984616
328.885735
288.992233
303.299093
293.376290
289.808356
311.207357
311.038712
289.400074
295.059834
280.245212
291.038638
298.837526
312.355210
260.726750
338.901862
332.250209
317.230596
290.447249
313.600780
317.899512
325.366655
291.984486
295.594144
339.158231
309.013523
265.724716
312.491972
310.433839
314.583991
299.046479
314.618984
301.152683
321.196416
305.359667
303.970854
301.076522
283.461378
345.379371
305.585210
305.337537
292.286994
298.760328
311.071586
308.293965
285.474988
299.487849
267.337655
277.669053
292.699132
305.231831
316.610758
340.466637
285.710866
248.943390
329.201239
316.079781
320.898070
316.382200
321.483031
290.637869
290.240662
296.325486
280.475431
295.857030
321.325336
297.589213
311.975398
297.655873
277.362893
318.451788
289.399927
277.500456
277.958093
309.408938
277.809143
321.959123
298.735726
297.075067
299.958794
316.116027
280.166342
298.680283
325.908905
306.686060
300.192979
301.967458
276.814475
296.368248
312.350963
329.080389
290.234147
284.871069
285.500643
298.990266
320.198641
306.202848
311.782142
274.188554
294.906786
320.645763
287.899185
301.954223
278.899167
273.258799
299.222308
293.909669
332.685262
308.032170
294.132710
287.586023
302.905853
301.078950
324.659191
328.589982
305.790644
321.029792
291.144405
315.365224
295.266263
270.878007
287.177061
316.036408
316.081075
307.643386
279.689995
314.650267
290.973286
302.663175
282.563301
307.047642
313.241595
304.573641
305.232813
328.961026
297.926661
277.714002
307.879665
330.098030
324.156511
339.101226
290.771814
280.738859
307.149049
311.633564
269.177965
306.325885
312.189922
310.352305
305.246239
295.320302
316.716446
289.886670
308.381041
294.978149
294.699494
291.276565
280.871105
317.304254
282.913442
286.878212
269.634794
283.932861
288.793263
307.080800
291.400228
330.018557
311.367558
271.369429
323.784098
273.398955
306.482389
306.395937
317.637878
290.392191
278.404656
287.680905
297.167082
285.168910
295.414163
254.992090
300.568154
281.183004
300.156164
274.841786
293.362790
308.613457
314.385231
273.874154
284.622454
307.311005
290.587180
296.597838
325.721466
289.497223
291.349230
322.416272
275.208721
273.146027
299.784874
327.969327
268.437633
295.744915
319.414014
340.267831
286.867605
295.609147
321.020759
294.707695
305.109128
286.384878
291.329199
294.359700
300.500530
293.668493
308.529322
297.570322
295.272361
289.118258
331.866616
265.800640
298.168808
312.299703
303.894061
275.340181
294.149248
279.384062
334.557276
334.255723
296.942919
305.995128
287.233172
308.676210
285.958230
326.477800
293.016349
333.589900
334.915342
312.792247
300.318205
309.658733
288.454830
262.027725
298.336817
288.410984
324.445549
299.969440
318.512519
306.682737
300.181289
241.631263
267.491749
306.302576
327.430013
309.864176
314.571004
285.683174
301.206802
299.856177
306.746884
299.130571
289.652319
252.211847
240.474874
298.713618
274.346678
331.283406
287.029252
295.224903
280.905199
309.764155
294.069484
287.947230
314.900686
329.118981
293.814186
289.934183
287.124358
332.157539
277.806167
305.253932
283.876510
290.114227
329.336040
254.784674
323.713137
296.017753
267.352740
313.725723
335.633657
301.292484
297.952445
282.479584
289.509873
302.246090
329.075459
293.515705
320.245603
323.864696
316.700695
298.304382
323.440407
258.048851
290.750029
284.368700
304.158112
294.101745
282.828118
352.025280
311.724252
285.321168
323.638318
306.539809
295.390727
279.408576
277.363869
273.157366
313.254569
280.791180
292.566355
317.794230
315.996796
295.016562
306.687045
341.887917
306.782989
321.617436
270.297583
307.910644
318.616577
278.762283
270.695373
266.857045
277.152308
327.908725
325.890407
296.350456
273.167945
288.049372
264.429256
266.661730
315.903170
295.983840
300.335406
280.634993
311.363555
312.815832
293.341494
295.606919
292.954605
300.138031
279.382980
294.593223
246.361378
321.057832
290.978561
316.605553
285.189518
268.145607
312.129538
325.337672
281.485363
296.541683
278.457429
248.295486
284.536845
347.486982
296.266792
285.677357
309.857137
294.580306
311.873122
317.426898
315.300091
327.929566
320.267704
271.628800
299.057384
290.628648
326.000803
303.891694
311.941327
265.217202
305.965602
293.753783
293.740607
274.263409
311.495037
349.282004
326.643484
305.342684
292.061150
278.491180
277.796727
299.814448
298.247558
265.249063
295.804435
267.409927
319.031066
296.404274
320.842300
302.118139
318.206542
306.563106
297.503386
304.220587
336.359393
239.973627
271.438292
287.784115
312.347508
316.663767
254.986218
315.396617
280.357113
307.217600
295.242838
282.309205
295.484664
321.464108
281.862221
319.299339
303.363915
302.924424
305.417456
288.450459
298.009237
294.493639
283.284068
277.209365
305.659882
309.734006
285.285496
286.344556
298.474357
288.551814
319.830790
298.169029
275.299097
323.222326
272.168520
292.223484
313.928828
312.786036
276.594681
301.954061
294.612946
285.261930
298.097353
310.156197
333.619732
284.794696
308.450956
292.892109
264.538764
277.523957
299.694980
303.504312
320.043221
317.516476
285.268153
288.546142
290.907914
292.245465
298.111925
298.929194
292.593001
290.580809
317.744196
299.299044
318.578404
300.160295
279.230109
315.643636
270.004046
341.663259
281.642175
310.409510
300.307889
312.076001
298.811652
282.391115
294.488221
285.999039
286.856724
304.077299
312.153727
306.302925
263.955775
266.689326
275.100868
314.545828
338.251850
311.764638
293.996881
291.573189
279.217567
252.599658
287.027972
326.076223
315.673156
329.704045
341.811946
314.128196
268.603134
266.063539
333.932743
312.122422
315.154768
321.761108
301.384128
318.806821
323.499859
287.225631
279.951105
293.317153
286.049297
286.161021
246.627508
298.798076
286.908238
281.429161
314.883772
287.818027
283.614255
311.799876
297.861483
309.747909
298.037783
264.704739
299.818153
299.814535
300.905812
297.038638
308.334620
291.070331
285.829719
262.246523
316.846296
277.619752
277.628131
279.814924
259.902325
319.634695
302.713527
319.105018
307.023374
306.706540
258.238686
291.347470
317.154732
244.474523
283.481994
290.804173
262.482716
324.153618
270.072888
277.875141
290.545859
275.431955
272.417100
330.967319
306.134887
320.686782
285.660461
331.534908
305.551713
326.050453
282.537893
307.055098
296.187153
284.959033
323.717567
316.165284
302.429940
317.042706
280.219520
291.114540
300.901506
292.582857
268.961370
311.152176
315.941402
305.963591
294.915521
310.567722
285.535977
317.294751
335.892059
337.071879
295.339623
277.745749
275.002973
312.048770
319.154353
310.616992
281.561677
280.334839
333.301651
297.534438
305.071074
339.272561
309.176784
275.410263
273.294520
322.525846
298.030635
298.233204
302.949940
335.382365
297.202794
249.569990
303.637974
297.481743
273.675107
266.737363
272.905660
283.792363
340.510375
295.953858
295.332202
296.782283
282.354499
330.318973
304.860058
303.523249
276.938097
291.468536
297.569434
294.998091
289.309970
313.806710
311.656081
272.112725
317.439114
287.030104
284.454977
284.836653
319.901195
306.411774
275.891626
282.853740
319.552244
300.075072
316.275240
321.630353
301.686222
298.655267
292.666955
298.211221
305.217270
320.749341
299.624821
284.452296
298.690282
237.333570
236.692988
304.832777
292.160326
307.683373
272.432454
283.206593
318.513212
318.954020
264.355184
269.978408
326.073281
324.557575
345.650597
309.070491
318.888507
298.326810
304.880647
306.706528
269.027048
317.317768
298.209361
304.326367
312.892504
312.003325
254.679398
281.441578
303.134020
306.718770
302.114647
276.485496
300.635314
280.801130
331.386319
312.745135
296.921621
315.306326
301.045976
292.172550
284.827364
277.284350
288.425725
314.949260
261.230980
310.401043
252.473566
298.319887
291.461168
317.108678
304.804203
344.595147
305.783636
302.108063
299.316207
307.313775
276.038706
298.110843
291.964395
342.218032
324.179081
291.579442
313.401801
258.634915
321.930922
293.447565
273.980453
330.741650
299.395321
283.770442
320.359871
318.571955
286.338069
314.625307
288.040978
300.202502
262.739846
284.084920
302.739626
316.835815
292.415650
312.398680
298.015549
282.950469
323.386741
323.916208
306.160158
336.011903
299.409544
328.241133
303.073603
316.467018
324.013131
312.986211
314.353760
334.221135
278.184156
319.260946
303.330266
320.750404
340.011684
297.981074
321.715174
324.392656
297.797313
275.457506
310.223141
303.314674
268.511793
302.367126
300.434647
329.117818
275.655853
304.981186
266.204728
307.500363
304.145597
287.836391
277.293942
273.466351
300.423143
258.546819
322.049087
272.485011
277.187191
320.934406
321.697740
281.105029
312.639318
286.639885
323.645494
317.126515
283.014672
303.443064
304.056283
317.460275
311.224533
297.011705
324.782827
303.886478
282.079612
277.965641
265.391103
322.287135
299.067826
290.157316
317.443628
305.453622
267.197030
312.124933
319.273031
301.899784
298.992260
280.666943
315.322545
269.095164
292.140973
271.768091
246.500937
304.189023
265.415616
302.049554
333.836818
268.155662
306.182582
293.479648
279.096246
317.057758
334.178588
289.610982
303.503431
290.095054
323.132005
301.187756
303.329463
323.585827
317.466593
286.058868
278.487034
330.612053
293.538384
260.441866
286.563617
294.369366
308.096173
285.113661
257.638382
319.628615
322.272146
342.558520
304.394408
302.014541
293.227448
319.165482
314.053445
292.716590
298.054927
274.493318
281.037232
309.787689
265.894475
299.451868
336.404355
316.278165
306.408277
310.373935
305.708919
293.334854
265.940819
294.811542
324.338120
302.119097
271.532924
279.881417
280.202728
352.184097
288.724574
325.813282
277.432915
305.092186
272.966549
313.376127
285.006408
283.975410
323.459238
291.171017
274.936729
301.220218
283.542178
334.706941
294.189712
297.429288
271.050117
348.170252
297.321343
282.547608
250.619373
282.696378
316.681755
299.177422
319.350161
263.616782
311.800633
280.622739
302.113097
329.550286
312.582746
304.320493
314.538578
303.486096
324.999643
288.427577
270.019305
301.309213
279.619347
288.609343
295.488581
308.185244
322.227608
321.509843
324.844246
331.968807
272.131482
310.517333
304.802787
253.596787
323.170111
285.220977
292.050418
287.143669
282.021693
294.808091
347.226581
290.192156
301.085360
313.764343
300.793479
291.136625
298.156574
310.363629
323.082750
311.589120
334.523953
303.654444
280.307657
305.970566
309.818373
296.766995
307.410111
320.278114
268.511540
294.393597
301.650061
311.545568
274.335385
298.838419
276.084405
313.588102
276.788333
314.567984
286.468637
290.906300
287.927439
300.682188
289.170196
288.418736
314.804416
279.908073
319.763359
319.302670
297.960942
308.586523
307.992467
275.340660
349.195622
321.347818
305.533668
244.331275
276.957387
273.670134
302.011203
319.110188
278.193192
293.207075
303.050764
287.043631
289.275181
305.522758
308.725111
354.587680
322.795906
322.299977
307.930134
326.317614
271.811069
310.788377
307.906381
285.953025
311.991428
318.366522
288.446973
336.403718
303.016479
288.546902
304.757347
271.166897
286.368544
291.791706
310.090375
281.796005
301.051709
267.048107
324.551465
321.901050
311.945807
277.159046
326.989611
297.967160
273.747489
306.689666
325.609727
288.713610
319.662705
309.981912
261.833159
296.624507
319.778457
289.469980
320.970513
265.945747
340.887026
301.623886
302.903313
313.589700
296.187529
285.467449
312.407806
324.248445
280.221508
312.929178
311.829697
296.529878
314.814726
296.796268
317.806684
276.773992
255.196815
301.371842
291.288083
278.958714
291.004947
327.159452
318.231282
328.920583
279.884802
326.267016
270.608907
300.036068
285.476793
311.763485
283.189334
324.425893
309.324962
334.752465
330.543069
253.460301
284.676355
284.445991
283.554928
322.654181
310.514725
302.511997
303.742740
301.408110
285.645261
301.958807
278.955844
301.528702
279.466526
295.218789
283.870716
319.875352
276.241353
288.618396
322.142445
314.042450
275.836763
290.943387
300.258255
291.001245
302.446479
292.818578
290.078820
302.673211
312.516781
315.835874
314.118445
287.183465
305.725694
278.301857
296.734685
268.738155
323.119807
300.036836
333.860021
314.920218
291.089507
304.934329
303.783799
311.050854
312.171527
301.660167
290.759839
330.199986
308.307491
313.493975
320.372479
307.664544
319.080683
280.045051
300.577082
298.319283
297.130854
321.400961
298.951329
277.195813
305.233787
311.852221
307.246591
296.920835
288.313277
302.840191
279.202777
322.378125
289.290086
302.109510
314.375173
272.780652
305.842285
307.210673
319.212879
331.629214
330.961030
344.819170
275.873162
284.722693
306.652761
270.415514
275.368348
320.157329
294.428540
307.024824
296.255220
276.336116
277.581146
316.365980
328.908771
282.991607
290.689945
309.829755
291.154232
299.401804
243.081637
265.218695
311.184948
314.727325
321.373764
282.091139
290.839286
311.124313
327.144523
320.460995
268.369089
300.640469
281.109811
306.728119
306.945611
296.207614
291.244952
287.102151
314.228219
317.743737
282.436041
343.997327
301.156746
319.195582
333.370875
328.077529
289.285450
301.357015
314.735745
273.934783
285.573278
290.659289
279.192988
310.729109
261.329545
305.251872
324.799908
307.671089
299.529069
295.037313
304.035636
312.303943
303.559262
307.341997
267.877594
316.716558
302.925284
270.148119
307.076673
281.843221
304.429651
281.133409
317.329689
306.165549
323.731193
333.836964
317.886288
301.447005
310.172477
303.273474
291.697556
266.295700
272.853208
272.376930
287.643822
271.038315
310.887758
303.698739
265.018861
259.504124
291.618276
312.271355
289.853764
269.375084
269.505785
317.546098
299.778986
307.274736
285.039434
294.993490
323.513245
292.541521
297.663570
271.960135
291.399722
329.233215
281.306412
310.868837
292.863555
309.711457
325.257435
304.135364
289.693674
271.872249
297.424437
309.691268
305.935140
299.137592
290.161735
302.991337
301.725072
308.079910
281.831274
303.375155
334.194494
284.348885
330.570663
298.186253
270.026911
326.235395
322.966505
286.230265
292.268052
320.554073
294.991766
302.589845
279.095202
299.416643
319.577052
321.375006
297.550693
298.319993
297.460121
296.964897
287.169845
334.559094
296.049968
290.661113
294.079372
278.192852
291.240128
299.688330
277.118397
300.309285
313.951697
278.421014
298.637528
288.250623
311.100720
318.799271
319.438710
293.079872
295.002325
301.865660
301.548987
324.999815
291.173833
314.619981
291.346039
264.421707
273.479976
267.144849
280.849185
322.729231
295.615208
283.083767
290.587515
265.957629
313.484324
296.348600
265.393978
314.616538
333.755677
283.421390
312.480642
313.070676
308.769239
295.876693
317.708118
284.411509
300.105523
290.485888
300.995174
305.387601
292.610977
274.149332
309.719976
289.167693
300.443093
307.016671
301.931303
352.285003
260.576260
299.485592
303.952675
318.316016
291.168496
303.591847
310.672554
261.253419
310.649571
291.178537
317.535752
311.112174
297.135736
284.444991
275.816898
279.180818
289.265247
289.627942
287.468098
296.525291
326.245034
302.718585
299.263607
284.578806
303.412381
287.603002
242.704716
295.408080
315.151166
319.277455
303.030427
293.092000
270.991187
301.003587
285.077118
278.366723
300.037279
288.335719
314.791242
320.007185
276.434248
296.788107
268.572674
298.561455
291.938672
322.489501
328.790198
312.635265
297.970579
295.141139
321.698053
303.981618
305.492731
284.659062
319.019588
311.747325
310.573421
322.895257
300.673592
274.757044
297.441615
302.913685
325.952166
298.068065
279.801035
310.910646
328.068380
311.208350
272.242091
314.263783
313.185850
270.446228
301.014086
314.428117
289.838149
313.006739
315.291475
315.887955
329.073239
259.485618
259.210717
295.085168
288.808936
300.047351
272.189660
341.633139
299.216573
281.554466
306.768104
273.905809
309.697351
292.926042
280.246133
295.127356
294.267760
311.319249
294.897056
299.312022
321.969873
294.486457
290.860441
299.061585
328.535078
333.623154
295.091306
308.294702
322.967238
288.481724
308.230048
285.904292
294.358224
272.916880
293.500868
289.115508
294.365805
308.527173
286.753200
271.994953
260.317605
280.714453
326.083692
328.626144
288.681836
292.539252
298.160008
315.528397
301.910573
298.854908
317.984504
298.647012
263.964855
302.010717
298.788586
335.702060
270.615965
328.962146
314.803390
320.984230
303.909091
277.388185
288.502803
343.523096
290.751969
321.320686
298.641319
271.738937
301.993901
303.912928
307.912261
311.844894
323.069571
298.901332
278.895269
337.927749
310.851385
310.139386
299.591523
321.719152
283.999319
272.866769
309.502756
279.369018
305.401829
297.686908
298.335768
295.423818
302.741357
310.531356
264.303283
298.074013
269.244190
272.734241
290.630620
291.839608
346.130625
307.222737
303.708099
286.421679
305.130693
304.784322
288.633853
266.621150
300.950600
279.407161
283.849663
269.469702
276.295513
298.102820
300.488672
321.055176
285.861071
263.462312
302.748772
308.798402
292.336020
297.440448
331.924432
289.253382
265.183129
328.328483
280.698447
278.767456
292.907904
265.619740
292.140397
316.656322
322.611212
290.073564
315.300071
298.231231
290.555944
323.889372
287.412638
261.415407
291.912545
295.680629
298.328054
279.385081
298.069288
295.814681
336.689926
304.079893
298.719509
283.963573
318.553720
287.596919
306.712787
325.785252
285.733300
289.971894
270.887659
278.377879
306.680212
293.885235
279.885554
303.796475
316.942288
338.703643
306.545707
320.100647
296.966640
278.932407
302.027473
347.341357
291.754777
301.290441
290.119120
252.086200
292.388209
288.324934
303.884622
295.143859
317.848999
295.507990
295.869094
259.146684
298.950971
298.015770
326.306684
277.864250
301.310833
316.818875
289.610382
287.665028
330.280410
287.876456
266.113625
330.595194
308.274181
293.089137
295.822525
298.635806
290.722687
309.769709
319.012235
299.118979
293.106151
305.680016
289.367351
300.755231
272.418907
306.802611
314.129496
324.168608
328.793193
312.311731
329.062685
314.615373
310.559130
296.475636
300.763038
285.293678
273.343109
302.854464
321.622279
291.771090
330.192549
296.943519
295.183613
324.537069
303.152851
312.534111
291.988911
301.416127
312.683131
321.352396
293.461188
279.901661
334.478920
323.472522
312.171401
323.653781
292.842465
277.927152
306.112469
311.579807
272.515782
301.718963
297.426445
290.215270
321.195684
288.514739
285.344323
280.090230
299.579217
294.462232
296.252122
330.985064
323.143776
302.026179
331.650963
292.626090
253.036317
325.800465
293.221410
292.850792
323.427865
332.707637
269.358435
314.730137
272.519126
292.948726
312.253765
305.701532
308.226445
325.604651
286.744374
293.591756
305.628486
302.231669
319.341619
302.359489
316.452764
289.802285
320.060797
301.640989
303.136517
285.413840
301.884457
289.877718
287.167133
296.395742
310.965482
280.855566
304.829280
322.413609
298.578436
319.978346
296.551512
302.527392
264.687590
275.726270
286.807349
286.409480
276.156047
263.435258
251.242092
316.489168
307.790676
322.129756
320.275321
280.624272
319.452685
279.062295
314.645396
291.482437
308.233215
300.729512
318.113339
297.860984
269.371701
312.699508
312.992165
306.091164
286.096128
299.191667
287.984518
296.402528
308.858189
305.037666
271.689909
305.549534
317.097519
291.815238
310.010085
288.619011
266.170864
310.877715
282.283795
271.263250
246.717393
304.060510
317.316034
281.839807
275.933696
307.310035
288.107959
283.135494
276.338083
312.549559
290.837766
295.693542
286.712791
343.240710
312.285288
283.745693
284.851299
312.843397
299.237631
287.611197
277.078158
308.259602
310.888487
286.284567
291.134630
254.441263
281.934041
288.622035
311.164180
299.500521
302.083085
306.348876
297.213213
276.170718
278.726088
295.224835
303.276488
295.989503
295.938614
311.937050
295.477854
288.160834
288.864246
257.523451
308.629094
354.456196
298.677524
308.293523
281.122282
272.364846
288.468608
301.994528
301.049290
280.630551
295.782001
303.425348
283.365519
286.173736
290.082237
278.440037
297.423549
288.294605
314.032580
286.132325
309.385001
297.449574
303.917461
287.476870
287.618772
275.851404
308.491500
281.694297
254.086017
314.092842
266.580031
293.483719
302.314407
263.057038
301.651259
300.058754
304.191389
281.080170
268.709214
319.620548
295.572731
274.057196
277.232145
304.114130
299.067644
282.568090
294.215303
312.865182
305.378126
297.342344
266.726740
287.579774
309.692916
299.078637
289.905485
326.904062
289.421107
284.517510
298.598255
335.652951
320.362348
275.067768
306.928041
315.768741
286.670290
284.975055
278.950133
281.691971
258.485071
283.847113
311.364780
287.797325
327.489012
271.757665
299.525295
286.953974
298.338137
294.298750
281.018938
295.519348
322.258086
285.592570
295.545577
306.794980
308.115415
295.428580
311.507597
305.823693
315.797355
313.830303
310.587593
331.342295
296.924705
303.901176
291.073730
305.159006
293.883424
278.505843
267.823176
309.940073
306.538904
294.078717
292.812929
324.047276
304.936480
287.651510
293.561449
297.620704
281.491076
296.330502
339.172366
300.039671
303.536389
324.922427
295.699581
287.789682
302.828950
313.690148
307.718785
311.193937
296.167805
271.854809
297.323772
302.581469
301.320512
302.616792
281.806666
290.757835
291.660759
292.611819
287.182152
284.988152
321.527776
322.994836
287.979879
291.292330
277.438024
295.440068
322.428235
329.141817
297.139863
309.103180
270.239324
322.621601
321.305684
261.205495
291.648478
315.221368
268.879453
292.357371
285.084216
311.302562
305.673807
286.503405
298.063666
317.806436
290.001820
287.165977
316.918525
303.141601
283.458315
272.749375
297.854023
312.274035
294.141045
307.557108
333.899771
271.939222
272.568351
322.704965
302.643226
311.444484
324.083297
306.548755
279.315401
287.598300
318.275178
271.916718
298.318179
310.670060
310.357767
288.891936
303.157631
301.436193
281.885020
257.054139
302.185851
284.896387
318.401805
283.255609
300.181325
307.746724
307.798828
317.214355
299.939976
334.093773
276.459132
337.793877
313.163023
272.237963
306.032888
311.087047
286.044451
269.747377
309.636015
266.449395
288.906323
343.288622
290.249674
301.378324
324.077631
295.048488
294.224571
311.532200
288.459793
284.345079
295.474651
331.726538
344.024132
276.908938
277.727494
299.783120
307.644661
295.710906
309.036346
303.681071
309.063360
273.490523
292.989942
330.016502
290.097274
287.044419
309.275016
325.865468
307.127814
304.640999
287.619099
306.640472
320.767534
334.137576
291.618613
285.022304
315.159838
290.118389
307.452190
309.481807
286.246398
300.647337
303.386330
331.402487
285.528749
301.743640
284.289944
290.149701
326.595779
302.960670
270.902834
316.714200
271.656551
284.308183
283.196998
288.495427
275.762780
311.520072
280.820220
268.222390
259.720584
312.230490
305.415381
280.858051
305.738458
322.360277
291.775931
290.581296
278.167313
320.952195
276.915735
295.488610
281.955958
292.008969
269.366528
303.232804
301.436058
263.477301
320.726629
321.867036
269.600386
258.282124
301.206568
285.108802
297.088925
275.924546
325.173741
310.248272
321.636620
305.198568
308.338820
287.367029
307.499764
274.684890
326.408683
291.524708
255.523822
279.389433
279.418545
297.492646
286.261416
277.033678
279.945189
316.662189
318.133731
291.325550
287.832930
310.084414
276.468445
316.334728
289.671484
287.629669
331.103124
302.988680
289.288592
299.466960
288.291187
298.368168
296.450487
314.157433
303.166655
293.031337
274.169769
282.195030
325.390662
330.551766
278.267760
323.333851
273.029328
270.062870
311.977546
284.819263
302.319794
308.783648
277.326026
284.223295
292.805521
277.019513
297.231673
303.060763
280.592007
301.334177
304.573660
292.084930
257.984612
315.709549
305.570319
288.504130
312.392311
309.503515
303.512733
288.864140
300.726433
284.919756
270.993417
300.579958
278.911764
307.438884
297.400959
302.021761
281.821266
296.767078
294.630148
294.140589
309.557654
283.871722
282.085694
263.219315
302.690403
302.784149
287.922435
288.659418
273.263231
318.054073
293.113156
300.190049
289.367532
313.869130
265.037569
311.316321
270.110899
272.790266
292.390023
272.609284
320.012075
268.732290
311.742563
312.562162
269.099962
328.410921
271.651101
286.318729
340.943046
329.784774
270.671182
305.263028
286.361698
306.274837
323.742329
312.348161
293.586727
296.870917
308.600807
317.162255
313.168076
316.379070
291.878859
320.045177
295.581217
301.619172
274.478754
326.636000
315.913770
277.907453
272.679970
325.691219
301.505959
273.458763
320.426064
301.863280
309.775341
292.183823
284.379918
311.441445
305.548988
322.576981
279.686982
331.983676
314.762894
315.221803
266.570905
317.939256
327.564587
275.746637
338.118312
304.927797
272.261511
317.023787
313.673662
317.185442
257.625956
288.214172
309.192977
312.829294
272.220588
306.022442
293.329758
302.062921
290.115493
273.884807
313.999087
265.833956
304.304923
287.550809
306.114100
308.958988
297.919878
315.027886
297.602500
318.387253
292.005995
261.057481
292.306236
264.072138
345.897411
289.296648
303.281225
259.611299
305.219943
343.593261
307.938122
262.042586
286.905316
313.314589
316.117610
290.759414
327.452555
288.175098
280.692859
281.583209
313.780804
282.312941
295.610066
289.237537
315.569386
280.947251
300.591817
290.520863
350.766010
325.758040
327.496719
296.604541
290.023307
311.454344
271.017152
292.275960
271.169889
299.527969
320.864158
302.907684
299.277598
275.713706
274.465569
295.825484
308.252914
317.249267
306.676375
329.047866
305.345441
292.590134
329.199544
304.902779
339.919908
333.016078
256.686804
289.095747
254.537360
277.898424
313.339373
293.821445
315.018254
282.063410
308.839267
294.157786
293.186595
319.407732
280.010285
289.199616
331.842264
339.031214
319.450641
290.370997
248.494264
275.908310
287.122275
297.832794
293.422595
278.333394
347.684915
268.166291
327.070884
328.582806
315.945011
263.888607
293.542527
290.543338
308.294542
322.177584
276.555471
328.932029
326.614956
268.610981
307.635638
274.343734
319.054367
309.428734
291.172305
293.616404
284.491373
269.956356
277.950692
290.106964
343.026017
271.431124
316.962712
275.606352
296.210295
298.929289
275.773620
269.304237
306.904659
325.731004
291.935469
322.574631
300.194812
306.611847
288.666576
251.103563
295.758442
285.210523
301.471377
304.418210
291.660579
287.910767
307.877283
286.123755
301.253148
310.493148
292.595378
311.680081
294.072661
293.936605
319.378471
308.068835
286.600833
307.395284
299.033796
290.978690
282.676994
290.894576
307.313080
275.282177
305.337575
305.798927
306.349770
311.035797
304.638529
254.586233
309.891846
316.361072
337.008590
268.764882
327.796442
286.994029
298.922494
273.715392
283.958545
304.681720
283.829973
264.096665
316.344284
288.396356
313.458914
273.722579
300.352826
315.332874
273.064280
304.237759
290.613926
273.148011
315.844929
354.053138
284.194574
320.936505
295.156605
301.138504
305.752925
295.252646
273.210113
310.203344
307.327993
300.718910
307.236724
285.018466
306.983562
332.882492
331.617433
290.605496
303.611034
294.062914
304.371005
314.339322
300.294716
293.163776
331.099881
268.555943
279.057879
302.995864
318.693795
291.340533
298.562058
280.864316
283.916743
306.912035
311.892615
294.163277
299.122255
312.574516
316.196845
300.718614
307.167765
271.222481
272.887336
297.982678
316.078109
339.210111
285.417018
307.994296
299.580562
318.897021
302.111034
339.214305
319.050227
292.593864
294.556723
287.447083
298.361190
322.733298
280.325881
319.052284
