1139.931730
1141.759436
1140.871385
1140.135193
1140.310700
1139.883308
1139.413229
1139.613679
1140.341292
1140.060990
1140.714873
1140.115618
1140.484738
1139.186489
1139.618594
1139.627417
1139.773914
1140.373973
1140.689529
1140.447969
1139.372462
1139.938828
1141.669383
1140.449184
1139.427003
1141.741691
1140.304487
1139.083383
1139.838794
1139.360386
1140.011373
1139.456361
1140.782538
1142.339606
1142.769901
1142.092952
1140.278787
1140.467081
1140.887464
1140.599570
1139.056024
1140.275327
1140.135043
1139.463084
1140.015586
1140.175109
1139.092356
1141.172256
1139.396572
1139.855634
1139.299720
1139.336046
1139.329937
1139.648290
1140.159196
1140.163354
1139.251505
1140.447485
1139.495129
1140.249178
1140.102549
1139.670312
1141.384892
1139.327560
1140.065164
1141.215545
1143.395563
1140.099828
1140.832433
1139.444685
1139.534357
1140.074517
1140.600157
1139.734941
1140.681423
1140.524184
1139.404319
1139.447220
1140.082449
1140.992396
1139.243945
1139.575997
1139.981732
1139.444632
1139.510462
1141.778665
1141.409806
1140.946365
1140.548436
1139.775218
1141.543970
1139.117102
1139.215303
1139.560810
1140.727468
1139.328346
1139.952069
1139.270023
1139.625193
1139.635080
1139.330024
1139.661722
1139.710831
1139.588751
1139.445666
1140.902137
1139.412579
1139.260544
1140.506478
1141.773209
1141.088228
1143.293944
1139.392951
1139.600218
1141.192771
1141.607728
1141.022191
1139.383625
1141.073665
1140.222303
1139.274869
1139.232822
1140.746377
1140.550155
1139.789218
1139.650717
1140.041620
1141.214796
1139.820987
1139.499900
1140.121518
1139.626178
1139.187005
1141.490132
1140.392598
1140.116717
1140.999616
1139.923162
1139.654624
1139.481251
1139.006298
1143.252049
1139.288154
1140.799324
1141.492790
1139.518732
1140.085259
1142.540296
1141.326625
1139.774812
1140.231460
1140.141591
1140.476260
1139.749474
1139.642544
1140.102809
1140.932244
1140.024404
1139.539349
1139.681339
1139.494506
1140.143535
1139.445599
1140.042161
1139.768582
1140.577793
1140.124235
1140.666310
1141.118666
1140.151466
1139.895295
1140.154334
1139.493003
1139.315448
1139.195598
1139.375363
1140.572346
1139.791084
1139.533668
1141.659327
1140.087051
1139.758058
1140.435190
1139.368303
1140.247339
1139.986324
1141.276779
1139.084671
1139.764002
1139.014013
1140.079756
1139.707708
1140.521952
1140.260929
1140.083413
1139.339077
1140.219055
1139.237491
1139.779368
1140.839670
1140.067219
1140.384886
1142.555002
1139.373690
1139.307963
1139.825094
1139.721886
1139.436757
1140.489080
1141.918324
1139.815504
1140.191804
1140.680167
1139.903576
1139.923957
1139.305030
1141.186287
1140.764937
1139.791501
1140.021104
1140.403482
1140.068683
1139.306960
1139.154516
1141.661051
1139.484596
1139.943891
1139.371907
1141.019754
1139.953722
1139.633468
1141.006847
1139.578054
1140.411620
1139.634035
1140.474746
1139.840346
1139.579980
1139.774414
1139.548619
1140.654502
1140.440773
1140.726341
1140.230872
1139.446080
1139.850174
1140.103218
1140.669284
1139.747683
1139.182496
1140.656931
1139.446881
1140.803999
1140.401037
1140.715202
1140.098738
1141.002508
1140.251673
1141.203938
1139.344688
1140.115556
1140.533801
1140.424600
1140.468456
1141.461558
1139.487940
1140.164233
1140.081829
1141.128968
1140.623422
1139.586292
1139.792972
1139.549647
1140.525470
1141.069548
1139.177401
1140.226146
1139.085336
1141.893101
1140.260650
1139.537359
1139.441001
1139.353928
1139.156360
1141.265776
1140.136505
1140.166509
1140.011425
1139.211928
1139.962782
1140.004333
1140.685817
1141.712476
1139.015149
1140.192017
1139.842213
1139.622797
1139.978467
1140.323185
1139.917921
1139.728314
1139.874179
1139.432251
1141.613102
1140.899888
1140.485052
1140.735483
1140.067815
1141.549149
1139.548198
1140.111294
1140.025599
1139.859505
1139.255464
1139.371377
1139.572609
1139.916709
1139.385188
1139.349971
1141.254899
1139.627579
1140.889221
1140.491733
1139.514778
1139.422028
1139.529056
1139.067592
1140.565437
1140.020131
1139.119619
1139.551899
1140.187482
1139.497568
1139.742301
1139.663829
1139.826552
1141.457114
1140.316203
1139.773031
1139.567411
1139.668058
1139.558516
1140.091346
1142.231260
1140.016756
1140.277357
1139.112808
1139.325734
1139.906733
1140.504116
1139.281723
1140.320244
1139.421767
1139.512198
1139.623214
1140.935569
1139.744263
1140.808479
1140.503914
1139.485373
1139.094668
1139.424919
1140.231838
1140.728533
1141.040894
